atire.index	atire.quantized	galago.combine	galago.sdm	indri.bow	indri.sdm	jass.comp	jass.heur	lucene.cnt	lucene.pos	mg4j.bm25	mg4j.mb+	mg4j.mb	terrier.BM25	terrier.DPH	terrier.DPH_Prox	terrier.DPH_QE
0.0616	0.0589	0.0832	0.0584	0.0631	0.0426	0.0582	0.0819	0.0358	0.0358	0.0292	0.0242	0.0248	0.0993	0.1042	0.1071	0.1307
0.1167	0.1145	0.1097	0.1649	0.0442	0.1756	0.1145	0.1145	0.0507	0.0507	0.0559	0.1179	0.0452	0.0440	0.0590	0.0727	0.0638
0.2168	0.2139	0.3233	0.4279	0.2591	0.3800	0.2139	0.3321	0.2542	0.2542	0.2422	0.0732	0.0732	0.3525	0.2978	0.3304	0.3405
0.2443	0.2339	0.3016	0.2194	0.2612	0.1563	0.2339	0.2339	0.3004	0.3004	0.2573	0.0988	0.0988	0.4137	0.3884	0.3573	0.4939
0.1062	0.1030	0.1365	0.0704	0.2028	0.0670	0.1030	0.1030	0.0652	0.0652	0.0591	0.0282	0.0412	0.0977	0.1467	0.1291	0.1883
0.2111	0.2075	0.4021	0.3987	0.3771	0.4021	0.2075	0.2075	0.2505	0.2505	0.2502	0.2673	0.2570	0.2276	0.3449	0.3584	0.4673
0.2355	0.2368	0.2661	0.2483	0.2436	0.2212	0.2368	0.2368	0.1919	0.1919	0.2621	0.2640	0.2640	0.1185	0.1292	0.1323	0.0937
0.7300	0.7358	0.7622	0.7092	0.7660	0.7024	0.7358	0.7358	0.7995	0.7995	0.7889	0.8032	0.8054	0.7759	0.7710	0.7548	0.7551
0.5491	0.5522	0.4733	0.4281	0.4354	0.4174	0.5522	0.5522	0.5667	0.5667	0.5293	0.4854	0.5293	0.5202	0.5378	0.4748	0.6228
0.1381	0.1382	0.2196	0.3361	0.0811	0.2179	0.1382	0.1955	0.0706	0.0706	0.0530	0.0976	0.0531	0.1130	0.1194	0.1158	0.1831
0.5312	0.5307	0.5659	0.5388	0.5710	0.5342	0.5307	0.5307	0.5477	0.5477	0.5570	0.5664	0.5578	0.5215	0.5604	0.5604	0.5552
0.3229	0.3222	0.3178	0.3409	0.3094	0.3308	0.3222	0.3222	0.3357	0.3357	0.3292	0.2948	0.3138	0.2854	0.3181	0.2804	0.3359
0.1379	0.1395	0.0601	0.0678	0.0772	0.0874	0.1395	0.1395	0.1409	0.1409	0.1604	0.1463	0.1545	0.1227	0.1226	0.1602	0.1281
0.1389	0.1332	0.1528	0.0886	0.1375	0.0981	0.1332	0.1332	0.1507	0.1507	0.1479	0.1052	0.1479	0.1021	0.1765	0.1553	0.1873
0.0488	0.0488	0.0573	0.0709	0.1263	0.1182	0.0488	0.0488	0.0741	0.0741	0.0811	0.1242	0.1228	0.0638	0.0956	0.0977	0.1019
0.3662	0.3686	0.3825	0.3357	0.3715	0.3000	0.3686	0.3662	0.3510	0.3510	0.3652	0.1535	0.3644	0.3047	0.3502	0.3388	0.3541
0.2540	0.2546	0.3270	0.2755	0.2741	0.2310	0.2546	0.2546	0.3356	0.3356	0.3489	0.2070	0.3409	0.2570	0.2703	0.2614	0.2564
0.0702	0.0714	0.0772	0.1809	0.0786	0.2206	0.0714	0.0714	0.0579	0.0579	0.0716	0.0921	0.0921	0.0377	0.0467	0.0870	0.0496
0.2599	0.2564	0.2875	0.1848	0.2783	0.1460	0.2564	0.2365	0.2777	0.2777	0.2839	0.1139	0.2839	0.2455	0.2483	0.2511	0.2643
0.0243	0.0198	0.0603	0.0386	0.0652	0.0397	0.0198	0.0096	0.0221	0.0221	0.0190	0.0271	0.0190	0.0092	0.0089	0.0086	0.0103
0.4150	0.4198	0.4974	0.3543	0.4906	0.3458	0.4198	0.4198	0.4242	0.4242	0.4304	0.3349	0.4304	0.3536	0.4047	0.3957	0.4955
0.3087	0.3027	0.1850	0.5102	0.1657	0.5510	0.3027	0.3027	0.1413	0.1413	0.1268	0.2642	0.1268	0.1395	0.1587	0.1883	0.2697
0.1793	0.1794	0.1842	0.1881	0.1928	0.2366	0.1794	0.1794	0.2022	0.2022	0.2261	0.2546	0.2414	0.1059	0.2002	0.1944	0.2294
0.3100	0.3087	0.2521	0.3422	0.2178	0.3371	0.3087	0.2865	0.3081	0.3081	0.2753	0.3564	0.2650	0.3114	0.2756	0.2657	0.2855
0.5190	0.5201	0.5259	0.3280	0.4926	0.2309	0.5201	0.5201	0.5225	0.5225	0.5111	0.2529	0.4914	0.4367	0.4716	0.4277	0.5092
0.4115	0.4109	0.4521	0.3658	0.4763	0.3600	0.4109	0.4109	0.3958	0.3958	0.4355	0.3899	0.4370	0.3054	0.4011	0.3459	0.4769
0.3885	0.3875	0.4001	0.2207	0.4411	0.1359	0.3875	0.3875	0.4549	0.4549	0.4635	0.1202	0.1365	0.4433	0.4784	0.4666	0.4678
0.0034	0.0035	0.0012	0.0011	0.0114	0.0074	0.0035	0.0039	0.0038	0.0038	0.0037	0.0032	0.0033	0.0028	0.0061	0.0054	0.0046
0.4639	0.4637	0.5263	0.5428	0.4604	0.4941	0.4637	0.4637	0.4419	0.4419	0.4319	0.4433	0.4475	0.4644	0.5059	0.5039	0.5639
0.2776	0.2769	0.1340	0.1150	0.1672	0.1302	0.2769	0.2769	0.2626	0.2626	0.2959	0.1260	0.1374	0.2110	0.2787	0.2775	0.2565
0.4337	0.4356	0.4149	0.4484	0.2452	0.3804	0.4346	0.3408	0.2688	0.2688	0.2873	0.3515	0.2878	0.1010	0.1192	0.1390	0.1717
0.1467	0.1515	0.3037	0.2726	0.3221	0.2704	0.1515	0.1515	0.2673	0.2673	0.3008	0.2882	0.3268	0.2276	0.3097	0.3112	0.3517
0.1125	0.1129	0.2481	0.2002	0.2671	0.1503	0.1129	0.1129	0.2283	0.2283	0.2340	0.2022	0.2340	0.1735	0.2105	0.2213	0.2117
0.2416	0.2367	0.1253	0.1030	0.2187	0.1820	0.2367	0.2268	0.2334	0.2334	0.2691	0.2396	0.1959	0.1890	0.1946	0.2005	0.3329
0.4842	0.4834	0.3744	0.3602	0.5866	0.5234	0.4834	0.4830	0.6251	0.6251	0.6351	0.3477	0.3478	0.5504	0.6004	0.6026	0.6563
0.5890	0.5893	0.5422	0.4942	0.5462	0.4618	0.5893	0.5786	0.6034	0.6034	0.6060	0.4583	0.5767	0.5533	0.5748	0.5598	0.6471
0.5937	0.5903	0.4461	0.5782	0.3213	0.3089	0.5903	0.5903	0.6012	0.6012	0.5851	0.6154	0.5913	0.5451	0.5808	0.6251	0.6402
0.5615	0.5568	0.5915	0.5878	0.0805	0.5220	0.5568	0.5559	0.1916	0.1916	0.0833	0.1426	0.0833	0.3759	0.3970	0.4726	0.3891
0.2460	0.2503	0.2624	0.1935	0.2493	0.2082	0.2503	0.2503	0.2493	0.2493	0.2597	0.2296	0.2487	0.2126	0.2486	0.2258	0.2820
0.0727	0.0718	0.0770	0.0788	0.0816	0.0864	0.0718	0.0718	0.0955	0.0955	0.0897	0.0924	0.0897	0.0594	0.0828	0.0777	0.0827
0.3795	0.3755	0.3226	0.3081	0.3509	0.4628	0.3755	0.3716	0.3236	0.3236	0.3075	0.1436	0.1436	0.3343	0.3613	0.3628	0.3623
0.0147	0.0149	0.0204	0.0133	0.0024	0.0003	0.0149	0.0149	0.0134	0.0134	0.0166	0.0326	0.0403	0.0085	0.0273	0.0283	0.0280
0.0220	0.0216	0.0112	0.0298	0.0132	0.0497	0.0216	0.0201	0.0208	0.0208	0.0210	0.0046	0.0086	0.0255	0.0182	0.0191	0.0127
0.3112	0.3127	0.5005	0.5072	0.5109	0.5435	0.3127	0.3127	0.3178	0.3178	0.3225	0.5634	0.5261	0.1845	0.4651	0.5234	0.4993
0.0839	0.0852	0.2966	0.1956	0.3085	0.1733	0.0852	0.0852	0.2574	0.2574	0.2444	0.5286	0.5060	0.1826	0.3053	0.3114	0.2579
0.0829	0.0809	0.0957	0.1570	0.0991	0.1484	0.0809	0.0747	0.0606	0.0606	0.0535	0.0353	0.0557	0.0335	0.0709	0.0720	0.1595
0.1377	0.1347	0.2284	0.2555	0.1562	0.2170	0.1347	0.1347	0.3121	0.3121	0.2414	0.1285	0.2414	0.3829	0.3660	0.3654	0.2649
0.1520	0.1288	0.0868	0.0686	0.1541	0.1037	0.1288	0.0312	0.3537	0.3537	0.2602	0.3122	0.2642	0.1307	0.1735	0.1381	0.1732
0.1110	0.1101	0.1325	0.3531	0.0722	0.3302	0.1101	0.0742	0.0905	0.0905	0.0277	0.0240	0.0240	0.1581	0.1797	0.1119	0.2186
0.3022	0.3049	0.2098	0.2304	0.2502	0.3138	0.3049	0.3049	0.2919	0.2919	0.2479	0.3568	0.3217	0.2585	0.1806	0.2009	0.3541
0.5654	0.5535	0.5372	0.5837	0.4889	0.5846	0.5535	0.5535	0.5624	0.5624	0.5271	0.5756	0.5271	0.5719	0.5664	0.5587	0.5619
0.2544	0.2518	0.3038	0.2456	0.3741	0.2724	0.2518	0.2747	0.2565	0.2565	0.2904	0.2926	0.2761	0.1910	0.1793	0.1544	0.2859
0.1649	0.1677	0.1479	0.1197	0.1462	0.1036	0.1677	0.1496	0.0647	0.0647	0.0655	0.0407	0.0655	0.0707	0.0748	0.0723	0.0783
0.5397	0.5444	0.5738	0.4154	0.4409	0.3366	0.5444	0.5444	0.4751	0.4751	0.4748	0.4074	0.5145	0.4187	0.4637	0.5104	0.4744
0.3243	0.3356	0.2841	0.2420	0.3347	0.2646	0.3356	0.3326	0.3125	0.3125	0.3450	0.3356	0.3450	0.1948	0.1891	0.1930	0.2579
0.1729	0.2118	0.2029	0.2029	0.1921	0.1921	0.2118	0.2118	0.2708	0.2701	0.1919	0.1919	0.1919	0.2929	0.2408	0.2408	0.2439
0.6658	0.6653	0.6527	0.6673	0.6456	0.6703	0.6653	0.6653	0.6804	0.6804	0.6755	0.6755	0.6755	0.6504	0.6985	0.6967	0.7055
0.3076	0.3074	0.2190	0.2928	0.1886	0.2616	0.3074	0.3074	0.2803	0.2803	0.2793	0.2903	0.3094	0.3033	0.2505	0.2000	0.2607
0.1073	0.1075	0.3379	0.3009	0.3480	0.2826	0.1075	0.1279	0.2255	0.2255	0.2181	0.1839	0.1839	0.2522	0.3182	0.3046	0.3345
0.5038	0.5013	0.4234	0.4073	0.4261	0.3978	0.5013	0.5005	0.5637	0.5637	0.5595	0.3666	0.3815	0.4905	0.5438	0.5557	0.5193
0.0209	0.0210	0.0119	0.0084	0.0102	0.0062	0.0210	0.0212	0.0242	0.0242	0.0201	0.0181	0.0187	0.0232	0.0172	0.0146	0.0149
0.2120	0.1962	0.2415	0.2603	0.1427	0.1874	0.1962	0.1962	0.1157	0.1157	0.1161	0.1738	0.1161	0.1441	0.1773	0.2102	0.2405
0.1987	0.2005	0.2273	0.2179	0.2125	0.2061	0.2005	0.1913	0.1257	0.1257	0.1225	0.1315	0.1200	0.1360	0.1574	0.1644	0.2414
0.4674	0.4674	0.4646	0.3431	0.4893	0.3155	0.4674	0.4674	0.4568	0.4568	0.4932	0.3376	0.3349	0.4009	0.4889	0.4675	0.5151
0.3684	0.3697	0.5056	0.5391	0.5123	0.5460	0.3697	0.3697	0.4212	0.4212	0.4252	0.5332	0.4899	0.3662	0.5036	0.5168	0.6692
0.4008	0.4016	0.3947	0.3549	0.4589	0.3629	0.4016	0.4016	0.4774	0.4774	0.4644	0.3170	0.4644	0.3257	0.3448	0.3084	0.3994
0.0639	0.0641	0.1509	0.1640	0.1381	0.1361	0.0641	0.0509	0.1246	0.1246	0.1660	0.1576	0.1547	0.1756	0.1950	0.2306	0.2681
0.0218	0.0218	0.0143	0.2645	0.0120	0.4348	0.0218	0.0218	0.0071	0.0071	0.0060	0.0273	0.0207	0.0057	0.0082	0.0116	0.0065
0.4819	0.4791	0.0000	0.0000	0.0000	0.0000	0.4791	0.3943	0.4636	0.4636	0.4121	0.3123	0.3197	0.4497	0.5455	0.4476	0.4898
0.4682	0.4682	0.5032	0.5392	0.4965	0.5575	0.4682	0.4682	0.5113	0.5113	0.4983	0.4642	0.5111	0.5520	0.5121	0.5161	0.5845
0.1509	0.1522	0.3536	0.2680	0.1860	0.1408	0.1522	0.1408	0.2363	0.2363	0.2511	0.1926	0.2207	0.3263	0.3743	0.4394	0.4763
0.5384	0.5386	0.5225	0.4286	0.4999	0.3008	0.5386	0.5386	0.5248	0.5248	0.5281	0.5570	0.5570	0.4864	0.5563	0.4954	0.8689
0.2376	0.2420	0.3695	0.3684	0.3956	0.3919	0.2420	0.2389	0.3006	0.3006	0.3506	0.3956	0.3506	0.2681	0.2980	0.3307	0.3579
0.4531	0.4500	0.2438	0.1749	0.2628	0.1666	0.4500	0.4500	0.4279	0.4272	0.4825	0.0072	0.0078	0.3131	0.4330	0.4675	0.5807
0.2771	0.2776	0.1762	0.1499	0.1750	0.1449	0.2776	0.2770	0.2926	0.2926	0.2901	0.2245	0.2818	0.2597	0.3210	0.3190	0.3427
0.3524	0.3505	0.2998	0.2494	0.3317	0.2391	0.3505	0.3505	0.3533	0.3533	0.3805	0.2741	0.3747	0.2628	0.3013	0.2539	0.3218
0.1201	0.1190	0.1006	0.2314	0.0898	0.2456	0.1190	0.1190	0.1170	0.1170	0.1254	0.2753	0.1265	0.0938	0.0998	0.1081	0.2281
0.4898	0.4900	0.5010	0.4633	0.5308	0.4786	0.4900	0.4633	0.5171	0.5171	0.5209	0.3451	0.4603	0.4095	0.4364	0.4162	0.5354
0.4164	0.4176	0.3473	0.3893	0.3358	0.3940	0.4176	0.4176	0.4101	0.4094	0.3988	0.4207	0.4030	0.3721	0.3754	0.3828	0.3884
0.3514	0.3500	0.2945	0.2226	0.3702	0.2004	0.3500	0.3252	0.4135	0.4135	0.4435	0.3179	0.3272	0.3756	0.4501	0.4507	0.5034
0.5725	0.5661	0.6884	0.6394	0.6476	0.5629	0.5661	0.5661	0.7123	0.7123	0.6807	0.6804	0.6769	0.6340	0.6464	0.6481	0.6922
0.0273	0.0278	0.1852	0.1645	0.1976	0.1672	0.0278	0.0278	0.0660	0.0660	0.0685	0.0813	0.0854	0.0466	0.1098	0.1460	0.0836
0.3810	0.3810	0.4571	0.4452	0.4639	0.4640	0.3810	0.3810	0.4150	0.4150	0.4290	0.4327	0.4290	0.5161	0.5354	0.5040	0.5238
0.2549	0.2562	0.0102	0.0044	0.7002	0.7535	0.2562	0.2562	0.3154	0.3154	0.2651	0.7147	0.5144	0.2797	0.2759	0.3536	0.2290
0.4398	0.4399	0.4051	0.3228	0.3931	0.2988	0.4399	0.4399	0.4145	0.4145	0.3981	0.3198	0.4424	0.3586	0.4431	0.4463	0.4121
0.5082	0.5045	0.4526	0.4746	0.5820	0.5506	0.5045	0.5045	0.6175	0.6175	0.6334	0.5627	0.5782	0.5642	0.6443	0.6440	0.6508
0.3701	0.3697	0.5273	0.5756	0.5115	0.5928	0.3697	0.3697	0.5766	0.5766	0.5690	0.5963	0.5690	0.5975	0.6081	0.6274	0.6186
0.2873	0.2866	0.2540	0.2596	0.2079	0.2168	0.2866	0.2866	0.2320	0.2320	0.2254	0.2259	0.2254	0.2083	0.2392	0.2243	0.3016
0.5324	0.5312	0.1727	0.1804	0.4811	0.4058	0.5386	0.5322	0.5353	0.5353	0.5233	0.3935	0.4855	0.4780	0.5454	0.5047	0.5528
0.4258	0.4289	0.4190	0.3681	0.4280	0.3261	0.4289	0.4289	0.4555	0.4555	0.4598	0.4513	0.4849	0.3821	0.3851	0.3462	0.4844
0.1169	0.1111	0.1568	0.1512	0.1247	0.1285	0.1111	0.0997	0.1503	0.1503	0.1256	0.1325	0.1257	0.1992	0.1817	0.1477	0.1845
0.1923	0.1941	0.1739	0.2433	0.1763	0.2682	0.1941	0.1941	0.3452	0.3452	0.3464	0.5179	0.4346	0.2224	0.2495	0.2495	0.2488
0.0743	0.0735	0.0654	0.3942	0.0414	0.4174	0.0735	0.0735	0.0970	0.0970	0.0648	0.2498	0.0648	0.1729	0.1332	0.1657	0.1249
0.0247	0.0244	0.0211	0.0228	0.0244	0.0241	0.0244	0.0244	0.0529	0.0529	0.0245	0.0198	0.0195	0.0288	0.0223	0.0218	0.0629
0.1673	0.1661	0.1290	0.1197	0.1855	0.1734	0.1661	0.0911	0.2544	0.2544	0.2493	0.1860	0.1852	0.1866	0.1653	0.1878	0.2357
0.5012	0.4983	0.5902	0.5449	0.6133	0.5314	0.4983	0.4991	0.5154	0.5154	0.5257	0.4226	0.5406	0.4648	0.5632	0.5658	0.5661
0.1160	0.1148	0.1582	0.1098	0.1361	0.0929	0.1148	0.1148	0.1595	0.1595	0.1499	0.1594	0.1484	0.2015	0.2053	0.1827	0.3383
0.3129	0.3128	0.0000	0.0000	0.2690	0.1074	0.3077	0.2750	0.2906	0.2906	0.3282	0.3306	0.3306	0.0618	0.1042	0.1102	0.0643
0.2245	0.2251	0.2027	0.1870	0.2252	0.2149	0.2251	0.2251	0.2259	0.2259	0.2405	0.2195	0.2417	0.1523	0.1942	0.1698	0.2274
0.4109	0.4103	0.4328	0.4587	0.4501	0.4691	0.4103	0.4103	0.4282	0.4273	0.4432	0.4151	0.4254	0.3760	0.4802	0.4826	0.5001
0.2933	0.2955	0.4136	0.4377	0.3466	0.3964	0.2955	0.2955	0.3765	0.3765	0.3230	0.3651	0.3705	0.3660	0.3794	0.4100	0.3190
0.0000	0.0000	0.0000	0.0192	0.0000	0.0130	0.0000	0.0000	0.0000	0.0000	0.0000	0.0000	0.0000	0.0000	0.0000	0.0000	0.0000
0.5039	0.5008	0.5205	0.4759	0.5029	0.4565	0.5008	0.5169	0.5263	0.5263	0.5205	0.5120	0.5186	0.5276	0.5468	0.5548	0.5210
0.0704	0.0706	0.0405	0.0804	0.0367	0.0812	0.0706	0.0706	0.0741	0.0741	0.0634	0.0936	0.0643	0.0952	0.0740	0.0683	0.0847
0.0786	0.0811	0.0825	0.4585	0.0608	0.4815	0.0811	0.0825	0.0809	0.0809	0.0743	0.4610	0.0862	0.0232	0.0201	0.0431	0.0154
0.5976	0.5984	0.5383	0.4765	0.6717	0.6213	0.5984	0.5984	0.5899	0.5899	0.5721	0.6595	0.5831	0.5196	0.5674	0.5381	0.6221
0.5332	0.5393	0.7306	0.6529	0.7461	0.6378	0.5393	0.5353	0.6061	0.6061	0.6091	0.6612	0.7176	0.4850	0.5647	0.4826	0.5792
0.3196	0.3177	0.3221	0.3005	0.2986	0.2776	0.3177	0.3177	0.3277	0.3277	0.3051	0.2883	0.3051	0.3116	0.3208	0.2915	0.3272
0.2424	0.2400	0.3212	0.4124	0.3095	0.4191	0.2400	0.2400	0.3535	0.3535	0.3590	0.3816	0.3612	0.2992	0.3294	0.4063	0.3936
0.2236	0.2216	0.2752	0.2976	0.2579	0.2888	0.2216	0.2216	0.2309	0.2309	0.2375	0.2751	0.2606	0.1863	0.2293	0.2513	0.2211
0.5671	0.5768	0.5254	0.5945	0.5257	0.5978	0.5768	0.5702	0.5701	0.5701	0.5543	0.4829	0.5642	0.5107	0.5092	0.5194	0.5605
0.3023	0.3073	0.2985	0.3385	0.3228	0.3426	0.3073	0.3073	0.2958	0.2958	0.3109	0.3597	0.3122	0.2089	0.3320	0.3428	0.3630
0.6479	0.6433	0.6921	0.6407	0.7032	0.6422	0.6433	0.6433	0.6864	0.6864	0.6651	0.6641	0.6765	0.6133	0.6724	0.6601	0.6939
0.1609	0.1599	0.1414	0.2196	0.1385	0.2229	0.1599	0.1599	0.2192	0.2192	0.2230	0.2069	0.2230	0.1823	0.1778	0.1487	0.1809
0.8076	0.8095	0.7899	0.6793	0.7721	0.6045	0.8095	0.8094	0.7961	0.7961	0.8285	0.8081	0.8212	0.6655	0.7235	0.7105	0.7292
0.5776	0.5801	0.3654	0.5282	0.3132	0.5527	0.5801	0.5620	0.3569	0.3569	0.3757	0.4386	0.4289	0.2478	0.2757	0.3539	0.2913
0.3178	0.3086	0.1185	0.1279	0.1250	0.1292	0.3086	0.3131	0.3405	0.3405	0.4233	0.3681	0.4102	0.2256	0.3357	0.2603	0.4651
0.4944	0.4977	0.5346	0.4882	0.6227	0.5242	0.4977	0.4977	0.5096	0.5096	0.5046	0.5517	0.5047	0.3736	0.5009	0.5504	0.5427
0.7512	0.7510	0.7605	0.7592	0.7650	0.7585	0.7510	0.7510	0.7680	0.7680	0.7708	0.7731	0.7702	0.7353	0.7394	0.7349	0.7780
0.2400	0.2460	0.0435	0.0343	0.2983	0.2535	0.2460	0.2474	0.2366	0.2366	0.1753	0.1641	0.1843	0.1707	0.1825	0.2074	0.2396
0.0710	0.0683	0.0002	0.0125	0.1005	0.0559	0.0587	0.0607	0.1167	0.1167	0.1039	0.0584	0.0813	0.1074	0.1259	0.1052	0.1657
0.3473	0.3410	0.3234	0.3772	0.3008	0.3963	0.3410	0.3529	0.2509	0.2509	0.2432	0.3911	0.2432	0.2607	0.2764	0.2782	0.3073
0.3249	0.3142	0.3219	0.3157	0.3245	0.3231	0.3142	0.3142	0.3247	0.3247	0.3242	0.3256	0.3242	0.2507	0.2602	0.2472	0.4300
0.0462	0.0464	0.0776	0.1123	0.0432	0.0900	0.0464	0.0773	0.0381	0.0381	0.0217	0.0083	0.0083	0.0643	0.0730	0.0838	0.0730
0.1390	0.1356	0.2217	0.2391	0.2149	0.2341	0.1356	0.1356	0.2226	0.2226	0.1714	0.2181	0.1714	0.2106	0.2758	0.3141	0.2803
0.4316	0.4392	0.4207	0.4563	0.4660	0.4951	0.4392	0.4392	0.3392	0.3392	0.3512	0.3847	0.3572	0.2545	0.4138	0.3909	0.4129
0.2806	0.2826	0.0246	0.3557	0.0243	0.3860	0.2826	0.2826	0.2596	0.2581	0.2358	0.4560	0.2621	0.2095	0.2175	0.2597	0.2378
0.0740	0.0737	0.0750	0.2596	0.0589	0.3021	0.0737	0.0937	0.0748	0.0748	0.0796	0.0868	0.0448	0.1176	0.1648	0.2297	0.2189
0.0451	0.0462	0.0316	0.1309	0.0224	0.1530	0.0462	0.0462	0.0670	0.0670	0.0632	0.1150	0.0632	0.0473	0.0508	0.0772	0.0359
0.2946	0.2984	0.5503	0.4062	0.4203	0.3353	0.2984	0.3087	0.3072	0.3072	0.2463	0.4681	0.2806	0.2662	0.3721	0.3721	0.6355
0.1506	0.1453	0.1618	0.1122	0.1706	0.1101	0.1453	0.1453	0.1518	0.1518	0.1605	0.0353	0.1605	0.1414	0.1256	0.1253	0.1376
0.3977	0.3932	0.5147	0.2928	0.5544	0.2636	0.3932	0.4086	0.3827	0.3827	0.4058	0.3074	0.4160	0.2744	0.4137	0.3978	0.4337
0.3641	0.3675	0.3610	0.3231	0.3679	0.3104	0.3675	0.3112	0.4438	0.4438	0.4416	0.4326	0.4549	0.2808	0.2785	0.2585	0.3575
0.1457	0.1443	0.0832	0.3195	0.1973	0.3854	0.1443	0.1443	0.0980	0.0980	0.1086	0.0661	0.0252	0.1259	0.1947	0.2610	0.3406
0.2276	0.2295	0.2191	0.2008	0.2145	0.1843	0.2295	0.2295	0.2406	0.2406	0.2615	0.1871	0.2624	0.2526	0.2667	0.2649	0.2554
0.0900	0.0910	0.0632	0.0438	0.0696	0.0452	0.0910	0.0910	0.0817	0.0823	0.0858	0.0832	0.1095	0.0429	0.0873	0.0849	0.0516
0.4796	0.4768	0.2891	0.1876	0.2816	0.1378	0.4768	0.4768	0.3637	0.3637	0.3757	0.1934	0.2111	0.4142	0.2840	0.2126	0.5815
0.3370	0.3371	0.5616	0.5691	0.3485	0.3222	0.3371	0.3371	0.5885	0.5885	0.5941	0.3527	0.3729	0.5436	0.6134	0.6297	0.6143
0.1994	0.1914	0.1600	0.1600	0.1438	0.1438	0.1914	0.1914	0.1846	0.1846	0.1505	0.1505	0.1505	0.2962	0.1727	0.1727	0.1528
0.3157	0.3188	0.2509	0.2817	0.2333	0.2277	0.3188	0.2822	0.3177	0.3177	0.2711	0.3240	0.3102	0.3145	0.2373	0.1118	0.4077
0.1251	0.1228	0.0773	0.2528	0.0810	0.3121	0.1228	0.1228	0.1505	0.1505	0.1015	0.2254	0.1117	0.1237	0.1189	0.1332	0.1061
0.2620	0.2587	0.3806	0.5644	0.2736	0.6521	0.2587	0.2587	0.4446	0.4446	0.4076	0.6163	0.4803	0.2998	0.3403	0.3929	0.6593
0.2390	0.2345	0.0546	0.2901	0.0413	0.3145	0.2345	0.2345	0.0630	0.0630	0.0550	0.1134	0.0550	0.0572	0.0760	0.0843	0.1241
0.3211	0.3264	0.3966	0.3244	0.2437	0.1133	0.3264	0.3154	0.2952	0.2952	0.3054	0.3725	0.3450	0.1785	0.2878	0.3007	0.2699
0.1112	0.1109	0.1520	0.0812	0.1343	0.0557	0.1109	0.1097	0.2083	0.2083	0.1889	0.1278	0.1711	0.1237	0.1893	0.1927	0.1855
0.3241	0.3177	0.2079	0.1114	0.2287	0.0867	0.3177	0.2983	0.3221	0.3221	0.3435	0.3303	0.3624	0.2508	0.1793	0.0251	0.6770
0.1318	0.1308	0.0996	0.0979	0.1080	0.0888	0.1308	0.1017	0.1528	0.1528	0.1546	0.1345	0.1555	0.1316	0.1210	0.1179	0.1468
0.2057	0.2063	0.0048	0.2881	0.0040	0.3731	0.2063	0.2063	0.1553	0.1553	0.1440	0.4964	0.1782	0.1384	0.1640	0.2177	0.4691
0.2682	0.2678	0.1937	0.1569	0.2107	0.1582	0.2678	0.2678	0.2297	0.2297	0.2599	0.2926	0.2599	0.1666	0.1522	0.1273	0.2020
